(id, (awayGoals, homeGoals, gamesPlayed, goalTotal, averageAwayGoals, averageHomeGoals))
(1,(2112,2347,1691,4459,2.490566037735849,2.7841043890865955))
(2,(2304,2527,1743,4831,2.6391752577319587,2.9045977011494255))
(3,(2407,2570,1768,4977,2.7259343148357873,2.903954802259887))
(4,(2433,2636,1735,5069,2.8094688221709005,3.0333716915995397))
(5,(2575,2870,1786,5445,2.893258426966292,3.203125))
(6,(2582,2773,1822,5355,2.853038674033149,3.023991275899673))
(7,(2109,2428,1669,4537,2.528776978417266,2.9077844311377246))
(8,(2315,2475,1732,4790,2.682502896871379,2.848101265822785))
(9,(2399,2617,1709,5016,2.8124267291910905,3.057242990654206))
(10,(2472,2615,1709,5087,2.8811188811188813,3.072855464159812))
(11,(1130,1165,820,2295,2.7560975609756095,2.841463414634146))
(12,(2276,2418,1705,4694,2.6588785046728973,2.8480565371024733))
(13,(2147,2391,1682,4538,2.558998808104887,2.8362989323843415))
(14,(2558,2873,1804,5431,2.8422222222222224,3.1780973451327434))
(15,(2573,2793,1789,5366,2.8716517857142856,3.127659574468085))
(16,(2497,2635,1771,5132,2.8151071025930103,2.980769230769231))
(17,(2339,2605,1713,4944,2.7292882147024504,3.0432242990654204))
(18,(2339,2555,1762,4894,2.6519274376417235,2.903409090909091))
(19,(2396,2633,1794,5029,2.6711259754738017,2.9353400222965442))
(20,(2247,2523,1709,4770,2.6158323632130385,2.968235294117647))
(21,(2438,2638,1731,5076,2.8087557603686637,3.0567786790266513))
(22,(2243,2382,1686,4625,2.6481700118063753,2.839094159713945))
(23,(2341,2617,1736,4958,2.703233256351039,3.0080459770114945))
(24,(2148,2540,1739,4688,2.486111111111111,2.902857142857143))
(25,(2359,2584,1761,4943,2.6655367231638416,2.949771689497717))
(26,(2208,2434,1744,4642,2.5205479452054793,2.804147465437788))
(27,(1276,1502,1052,2778,2.4304761904761905,2.8500948766603416))
(28,(2453,2786,1787,5239,2.753086419753086,3.109375))
(29,(2163,2387,1721,4550,2.5121951219512195,2.775581395348837))
(30,(2137,2399,1714,4536,2.4935822637106186,2.7992998833138856))
(52,(1221,1411,888,2632,2.775,3.1495535714285716))
(53,(782,862,650,1644,2.3696969696969696,2.69375))
(54,(656,789,468,1445,2.8646288209606987,3.301255230125523))
(87,(8,26,6,34,4.0,6.5))
(88,(44,0,6,44,7.333333333333333,0.0))
(89,(0,20,4,20,0.0,5.0))
(90,(20,10,4,30,10.0,5.0))
Runtime: 5070ms when using sc.startTime
Runtime: 2966ms when only using System